AC;247;+24762889;+24762889
AD;376;+376712345;+376712345
AE;971;+97122345678;+97122345678
AF;93;+93234567890;+93234567890
AG;1;+12684601234;+12684601234
AI;1;+12644612345;+12644612345
AL;355;+35522345678;+35522345678
AM;374;+37410123456;+37410123456
AO;244;+244222123456;+244222123456
AR;54;+541123456789;+541123456789
AS;1;+16846221234;+16846221234
AT;43;+431234567890;+431234567890
AU;61;+61212345678;+61212345678
AW;297;+2975212345;+2975212345
AX;358;+358181234567;+358181234567
AZ;994;+994123123456;+994123123456
BA;387;+38730212345;+38730212345
BB;1;+12464123456;+12464123456
BD;880;+88027111234;+88027111234
BE;32;+3212345678;+3212345678
BF;226;+22620491234;+22620491234
BG;359;+3592123456;+3592123456
BH;973;+97317001234;+97317001234
BI;257;+25722201234;+25722201234
BJ;229;+22920211234;+22920211234
BL;590;+590590271234;+590590271234
BM;1;+14412345678;+14412345678
BN;673;+6732345678;+6732345678
BO;591;+59122123456;+59122123456
BQ;599;+5997151234;+5997151234
BR;55;+551123456789;+551123456789
BS;1;+12423456789;+12423456789
BT;975;+9752345678;+9752345678
BW;267;+2672401234;+2672401234
BY;375;+375152450911;+375152450911
BZ;501;+5012221234;+5012221234
CA;1;+15062345678;+15062345678
CC;61;+61891621234;+61891621234
CD;243;+2431234567;+2431234567
CF;236;+23621612345;+23621612345
CG;242;+242222123456;+242222123456
CH;41;+41212345678;+41212345678
CI;225;+22521234567;+22521234567
CK;682;+68221234;+68221234
CL;56;+56221234567;+56221234567
CM;237;+237222123456;+237222123456
CN;86;+861012345678;+861012345678
CO;57;+5712345678;+5712345678
CR;506;+50622123456;+50622123456
CU;53;+5371234567;+5371234567
CV;238;+2382211234;+2382211234
CW;599;+59994151234;+59994151234
CX;61;+61891641234;+61891641234
CY;357;+35722345678;+35722345678
CZ;420;+420212345678;+420212345678
DE;49;+4930123456;+4930123456
DJ;253;+25321360003;+25321360003
DK;45;+4532123456;+4532123456
DM;1;+17674201234;+17674201234
DO;1;+18092345678;+18092345678
DZ;213;+21312345678;+21312345678
EC;593;+59322123456;+59322123456
EE;372;+3723212345;+3723212345
EG;20;+20234567890;+20234567890
EH;212;+212528812345;+212528812345
ER;291;+2918370362;+2918370362
ES;34;+34810123456;+34810123456
ET;251;+251111112345;+251111112345
FI;358;+3581312345678;+3581312345678
FJ;679;+6793212345;+6793212345
FK;500;+50031234;+50031234
FM;691;+6913201234;+6913201234
FO;298;+298201234;+298201234
FR;33;+33123456789;+33123456789
GA;241;+24101441234;+24101441234
GB;44;+441212345678;+441212345678
GD;1;+14732691234;+14732691234
GE;995;+995322123456;+995322123456
GF;594;+594594101234;+594594101234
GG;44;+441481256789;+441481256789
GH;233;+233302345678;+233302345678
GI;350;+35020012345;+35020012345
GL;299;+299321000;+299321000
GM;220;+2205661234;+2205661234
GN;224;+22430241234;+22430241234
GP;590;+590590201234;+590590201234
GQ;240;+240333091234;+240333091234
GR;30;+302123456789;+302123456789
GT;502;+50222456789;+50222456789
GU;1;+16713001234;+16713001234
GW;245;+245443201234;+245443201234
GY;592;+5922201234;+5922201234
HK;852;+85221234567;+85221234567
HN;504;+50422123456;+50422123456
HR;385;+38512345678;+38512345678
HT;509;+50922453300;+50922453300
HU;36;+3612345678;+3612345678
ID;62;+62612345678;+62612345678
IE;353;+3532212345;+3532212345
IL;972;+97221234567;+97221234567
IM;44;+441624756789;+441624756789
IN;91;+911123456789;+911123456789
IO;246;+2463709100;+2463709100
IQ;964;+96412345678;+96412345678
IR;98;+982123456789;+982123456789
IS;354;+3544101234;+3544101234
IT;39;+390212345678;+390212345678
JE;44;+441534456789;+441534456789
JM;1;+18765123456;+18765123456
JO;962;+96262001234;+96262001234
JP;81;+81312345678;+81312345678
KE;254;+254202012345;+254202012345
KG;996;+996312123456;+996312123456
KH;855;+85523756789;+85523756789
KI;686;+68631234;+68631234
KM;269;+2697712345;+2697712345
KN;1;+18692361234;+18692361234
KP;850;+85021234567;+85021234567
KR;82;+8222123456;+8222123456
KW;965;+96522345678;+96522345678
KY;1;+13452221234;+13452221234
KZ;7;+77123456789;+77123456789
LA;856;+85621212862;+85621212862
LB;961;+9611123456;+9611123456
LC;1;+17584305678;+17584305678
LI;423;+4232345678;+4232345678
LK;94;+94112345678;+94112345678
LR;231;+23121234567;+23121234567
LS;266;+26622123456;+26622123456
LT;370;+37031234567;+37031234567
LU;352;+35227123456;+35227123456
LV;371;+37163123456;+37163123456
LY;218;+218212345678;+218212345678
MA;212;+212520123456;+212520123456
MC;377;+37799123456;+37799123456
MD;373;+37322212345;+37322212345
ME;382;+38230234567;+38230234567
MG;261;+261202123456;+261202123456
MH;692;+6922471234;+6922471234
MK;389;+38922012345;+38922012345
ML;223;+22320212345;+22320212345
MM;95;+951234567;+951234567
MN;976;+97650123456;+97650123456
MO;853;+85328212345;+85328212345
MP;1;+16702345678;+16702345678
MQ;596;+596596301234;+596596301234
MR;222;+22235123456;+22235123456
MS;1;+16644912345;+16644912345
MT;356;+35621001234;+35621001234
MU;230;+2302012345;+2302012345
MV;960;+9606701234;+9606701234
MW;265;+2651234567;+2651234567
MX;52;+522221234567;+522221234567
MY;60;+60323856789;+60323856789
MZ;258;+25821123456;+25821123456
NA;264;+26461221234;+26461221234
NC;687;+687201234;+687201234
NE;227;+22720201234;+22720201234
NF;672;+672106609;+672106609
NG;234;+23412345678;+23412345678
NI;505;+50521234567;+50521234567
NL;31;+31101234567;+31101234567
NO;47;+4721234567;+4721234567
NP;977;+97714567890;+97714567890
NR;674;+6744441234;+6744441234
NU;683;+6834002;+6834002
NZ;64;+6432345678;+6432345678
OM;968;+96823123456;+96823123456
PA;507;+5072001234;+5072001234
PE;51;+5111234567;+5111234567
PF;689;+68940412345;+68940412345
PG;675;+6753123456;+6753123456
PH;63;+6321234567;+6321234567
PK;92;+922123456789;+922123456789
PL;48;+48123456789;+48123456789
PM;508;+508411234;+508411234
PR;1;+17872345678;+17872345678
PS;970;+97022234567;+97022234567
PT;351;+351212345678;+351212345678
PW;680;+6802771234;+6802771234
PY;595;+595212345678;+595212345678
QA;974;+97444123456;+97444123456
RE;262;+262262161234;+262262161234
RO;40;+40211234567;+40211234567
RS;381;+38110234567;+38110234567
RU;7;+73011234567;+73011234567
RW;250;+250250123456;+250250123456
SA;966;+966112345678;+966112345678
SB;677;+67740123;+67740123
SC;248;+2484217123;+2484217123
SD;249;+249121231234;+249121231234
SE;46;+468123456;+468123456
SG;65;+6561234567;+6561234567
SH;290;+29022158;+29022158
SI;386;+38611234567;+38611234567
SJ;47;+4779123456;+4779123456
SK;421;+421221234567;+421221234567
SL;232;+23222221234;+23222221234
SM;378;+3780549886377;+3780549886377
SN;221;+221301012345;+221301012345
SO;252;+2524012345;+2524012345
SR;597;+597211234;+597211234
SS;211;+211181234567;+211181234567
ST;239;+2392221234;+2392221234
SV;503;+50321234567;+50321234567
SX;1;+17215425678;+17215425678
SY;963;+963112345678;+963112345678
SZ;268;+26822171234;+26822171234
TA;290;+2908999;+2908999
TC;1;+16497121234;+16497121234
TD;235;+23522501234;+23522501234
TG;228;+22822212345;+22822212345
TH;66;+6621234567;+6621234567
TJ;992;+992372123456;+992372123456
TK;690;+6903101;+6903101
TL;670;+6702112345;+6702112345
TM;993;+99312345678;+99312345678
TN;216;+21671234567;+21671234567
TO;676;+67620123;+67620123
TR;90;+902123456789;+902123456789
TT;1;+18682211234;+18682211234
TV;688;+68820123;+68820123
TW;886;+886221234567;+886221234567
TZ;255;+255222345678;+255222345678
UA;380;+380311234567;+380311234567
UG;256;+256312345678;+256312345678
US;1;+12015550123;+12015550123
UY;598;+59821231234;+59821231234
UZ;998;+998662345678;+998662345678
VC;1;+17842661234;+17842661234
VE;58;+582121234567;+582121234567
VG;1;+12842291234;+12842291234
VI;1;+13406421234;+13406421234
VN;84;+842101234567;+842101234567
VU;678;+67822123;+67822123
WF;681;+681501234;+681501234
WS;685;+68522123;+68522123
XK;383;+38328012345;+38328012345
YE;967;+9671234567;+9671234567
YT;262;+262269601234;+262269601234
ZA;27;+27101234567;+27101234567
ZM;260;+260211234567;+260211234567
ZW;263;+2631312345;+2631312345